00,01,00,20,a
00,21,00,40,b
00,41,01,00,c
01,01,01,20,d
01,21,01,40,e
01,41,02,00,f
02,01,02,20,g
02,41,03,00,a
03,01,03,20,b
03,21,03,40,c
03,41,04,00,d
04,01,04,20,e
04,21,04,40,f
04,41,05,00,g
05,21,05,40,a
05,41,06,00,b
06,01,06,20,c
06,21,06,40,d
06,41,07,00,e
07,01,07,20,f
07,21,07,40,g
08,01,08,20,a
08,21,08,40,b
08,41,09,00,c
09,01,09,20,d
09,21,09,40,e
09,41,10,00,f
10,01,10,20,g
10,41,11,00,a
11,01,11,20,b
11,21,11,40,c
11,41,12,00,d
12,01,12,20,e
12,21,12,40,f
12,41,13,00,g
13,21,13,40,a
13,41,14,00,b
14,01,14,20,c
14,21,14,40,d
14,41,15,00,e
15,01,15,20,f
15,21,15,40,g
